74,0.2920885
109,0.2973453
143,0.28443244
178,0.26538885
212,0.26617053
248,0.26449403
282,0.26047632
316,0.25621763
351,0.25645658
385,0.24886182
421,0.25109845
455,0.24821909
489,0.24684003
524,0.26149538
558,0.25586993
593,0.2532908
628,0.2524819
662,0.24212822
697,0.25337318
731,0.2456637
766,0.25079215
801,0.24699503
835,0.23725352
869,0.24751773
904,0.24505694
939,0.24163282
973,0.23235084
1008,0.24357916
1042,0.24152982
1077,0.24838766
1112,0.24261883
1146,0.2389126
1181,0.24306445
1215,0.23876622
1249,0.23641226
1285,0.235115
1319,0.24589813
1354,0.23430292
1388,0.23915246
1422,0.24016367
1458,0.24247319
1492,0.23060232
1526,0.23229736
1561,0.24059442
1595,0.23183902
1630,0.22980325
1665,0.23861063
1699,0.23078372
1734,0.24302557
1768,0.23683903
1803,0.23969239
1838,0.22856542
1873,0.23521493
1907,0.23773634
1942,0.23818496
1977,0.23427376
2012,0.23617993
2046,0.22981316
2081,0.235522
2115,0.23148702
2151,0.23124887
2185,0.23706378
2220,0.23395704
2255,0.22959058
2289,0.23260917
2325,0.23922174
2359,0.23077331
2394,0.22407398
2428,0.22911938
2463,0.23104739
2498,0.22461389
2533,0.21932133
2567,0.2312383
2602,0.23183888
2637,0.229461
2672,0.22340898
2707,0.2236292
2741,0.22596703
2776,0.22470899
2810,0.22660798
2846,0.22413117
2880,0.22682473
2915,0.23196155
2949,0.24030694
2984,0.23146814
3019,0.2244468
3054,0.23138583
3089,0.22758591
3123,0.22273692
3158,0.22615892
3193,0.2380374
3228,0.22872971
3262,0.22578466
3297,0.22380011
3331,0.2306629
3367,0.22618741
3401,0.22533938
3436,0.23348865
3471,0.22448888
3505,0.2280617
3540,0.22803098
3575,0.2238881
3609,0.23036511
3644,0.22304629
3679,0.23492265
3714,0.2201228
3749,0.23250929
3783,0.23015058
3818,0.22817828
3852,0.22506323
3887,0.21923862
3922,0.22031642
3956,0.20788763
3991,0.22331692
4025,0.21981713
4061,0.22342521
4095,0.21639279
4129,0.22229618
4164,0.21539369
4198,0.21901931
4234,0.20751224
4268,0.22057876
4303,0.21124414
4337,0.20928226
4372,0.21466136
4407,0.22850089
4441,0.21884753
4476,0.21714813
4510,0.22063623
4545,0.22258423
4581,0.227623
4615,0.2302098
4650,0.21274646
4685,0.21485212
4720,0.2304214
4756,0.22111054
4791,0.21177527
4825,0.22382613
4860,0.20895731
4895,0.21283355
4931,0.21500628
4966,0.23783979
5000,0.22458939
5035,0.2138838
5070,0.21790427
5106,0.2256647
5140,0.21680784
5175,0.22766276
5210,0.21614788
5245,0.21726428
5281,0.22728373
5316,0.20953527
5351,0.23068105
5386,0.22601752
5421,0.22374795
5456,0.21403617
5491,0.21658285
5526,0.2247804
5560,0.21753179
5594,0.227278
5630,0.21031915
5664,0.21362232
5699,0.22125271
5734,0.21049292
5769,0.21697104
5805,0.20766376
5840,0.2080518
5875,0.21935518
5910,0.21702868
5945,0.2188273
5980,0.20824747
6015,0.2145925
6050,0.20631683
6084,0.21615069
6119,0.21635324
6154,0.2189346
6189,0.21287403
6224,0.21860513
6258,0.20543595
6293,0.21649432
6329,0.21842502
6364,0.21172015
6400,0.21795592
6435,0.2131737
6469,0.2021446
6505,0.21296276
6540,0.20990428
6575,0.20569287
6609,0.20560664
6644,0.20545757
6680,0.21029407
6714,0.20989233
6749,0.20271115
6784,0.20716767
6818,0.20692499
6854,0.21671028
6889,0.22191663
6924,0.19898471
6958,0.2246641
6993,0.20450918
7029,0.22235769
7063,0.21136609
7098,0.21573673
7133,0.21079771
7167,0.20705117
7203,0.20831133
7238,0.19677633
7273,0.21297659
7307,0.20912969
7342,0.19936395
7377,0.20276502
7411,0.20584884
7445,0.20454302
7480,0.20929468
7514,0.20104687
7549,0.19548817
7583,0.206112
7617,0.20594974
7651,0.20806848
7686,0.22111194
7721,0.2102477
7755,0.21154903
7789,0.20496397
7823,0.208033
7857,0.21537068
7893,0.21023245
7927,0.20678993
7961,0.20189044
7995,0.20245145
8029,0.2106585
8064,0.19682012
8098,0.1972169
8132,0.21056192
8167,0.20177764
8201,0.21372437
8236,0.20507391
8270,0.2010802
8304,0.19682708
8339,0.19090815
8373,0.2047258
8408,0.2001464
8442,0.21200095
8476,0.19711037
8510,0.20572229
8545,0.19614395
8580,0.20755893
8614,0.21076834
8648,0.19411013
8682,0.20773956
8717,0.20995417
8752,0.20742755
8786,0.1923135
8820,0.19212827
8854,0.20543982
8889,0.20851953
8924,0.19848329
8958,0.20241468
8992,0.20058319
9026,0.20128143
9061,0.21057473
9096,0.20219357
9130,0.19831732
9164,0.20810695
9198,0.21241629
9233,0.20174898
9268,0.21176185
9302,0.2024065
9336,0.2151055
9370,0.20113795
9405,0.21230839
9440,0.21221635
9474,0.20527133
9508,0.20344414
9542,0.2085606
9576,0.21222837
9611,0.20038164
9646,0.1986026
9680,0.2110187
9714,0.19713604
9748,0.20986158
9783,0.20392075
9817,0.2187099
9852,0.19496189
9886,0.20592484
9920,0.20396636
9955,0.20529698
9989,0.20100544
10024,0.19786298
10058,0.211258
10092,0.21395881
10127,0.2090789
10161,0.190082
10195,0.22286813
10230,0.20920563
10264,0.20326808
10299,0.20564687
10333,0.2199336
10367,0.20987329
10401,0.20548998
10436,0.21197844
10471,0.21635467
10505,0.20373179
10539,0.19735155
10573,0.1985103
10608,0.20899098
10643,0.19661525
10677,0.204043
10711,0.19791639
10745,0.21245664
10780,0.19351682
10815,0.19597259
10849,0.19903053
10883,0.20482434
10917,0.21513791
10952,0.20078187
10987,0.19811164
11021,0.2112837
11055,0.20625192
11090,0.21386278
11124,0.21007565
11159,0.20799485
11193,0.20452076
11228,0.21179561
11262,0.2109805
11296,0.19614762
11331,0.19628654
11365,0.19743823
11400,0.20035186
11434,0.20855536
11468,0.1948861
11503,0.2011549
11538,0.19177288
11572,0.19857264
11606,0.20229995
11640,0.20081484
11675,0.20329733
11710,0.19473125
11744,0.1937755
11778,0.19386749
11813,0.19359578
11848,0.19886233
11882,0.19972855
11916,0.20171121
11951,0.19777465
11985,0.19196717
12020,0.18927959
12054,0.19740859
12088,0.21343975
12123,0.20195997
12157,0.20920014
12192,0.20550948
12226,0.199758
12261,0.20177673
12295,0.20457034
12329,0.21844138
12364,0.20148827
12398,0.19899508
12433,0.19912384
12467,0.20512636
12501,0.2036774
12536,0.20012385
12571,0.202806
12605,0.19753192
12639,0.21151981
12674,0.20268232
12709,0.20452462
12743,0.19612086
12777,0.20351934
12812,0.20609403
12846,0.1955454
12882,0.20037073
12916,0.20073651
12951,0.19715217
12986,0.21981053
13020,0.19564188
13055,0.20614164
13090,0.19958632
13124,0.20485118
13159,0.20132999
13194,0.19541937
13229,0.19121091
13264,0.22665825
13298,0.19785114
13333,0.18598658
13367,0.1931334
13402,0.20696168
13437,0.19511919
13471,0.19701403
13506,0.1868525
13540,0.19749829
13576,0.19066095
13610,0.19918261
13645,0.18831088
13679,0.19516529
13714,0.19712864
13749,0.19709605
13783,0.19993739
13818,0.19250509
13852,0.1917722
13887,0.1933801
13922,0.20178138
13957,0.1874691
13991,0.20102097
14026,0.19650228
14060,0.19362122
14096,0.18498638
14130,0.20900507
14165,0.18945426
14199,0.19244313
14234,0.18520902
14269,0.18724814
14304,0.18404
14338,0.19494665
14373,0.18582143
14407,0.19203986
14443,0.18399625
14477,0.18850175
14512,0.16882959
14546,0.19767135
14581,0.1956915
14616,0.18490729
14650,0.20179763
14685,0.17572924
14719,0.19963187
14754,0.19279234
14789,0.1949279
14824,0.20189
14858,0.17989495
14893,0.18851043
14927,0.19486783
14962,0.19878407
14997,0.19539666
15031,0.19767515
15066,0.19686592
15100,0.19399472
15136,0.1997542
15170,0.19285204
15205,0.1936564
15239,0.18500687
15274,0.20657247
15309,0.18132937
15343,0.19452423
15378,0.19930951
15412,0.18710135
15447,0.1902953
15482,0.1928832
15517,0.17914616
15551,0.19879144
15586,0.19159992
15620,0.19540493
15656,0.18875669
15690,0.18545005
15724,0.19822639
15759,0.18780464
15793,0.19238208
15829,0.18966669
15863,0.19268769
15898,0.18104541
15932,0.16923453
15967,0.19552088
16002,0.18334687
16037,0.17771775
16071,0.17866933
16106,0.1785591
16141,0.17926256
16176,0.17547962
16211,0.18806557
16245,0.18846865
16280,0.17519324
16315,0.17948657
16351,0.18309176
16385,0.17514811
16420,0.19014145
16455,0.17546584
16490,0.19135946
16525,0.1778417
16560,0.20870575
16596,0.18432643
16631,0.19463994
16666,0.17329726
16702,0.19009507
16737,0.17710315
16772,0.17859516
16807,0.19606698
16842,0.17961046
16878,0.17811331
16912,0.18647271
16947,0.18164063
16982,0.18808919
17017,0.1810831
17053,0.19929285
17087,0.19486709
17122,0.19867142
17157,0.19766766
17192,0.19483158
17228,0.19018272
17262,0.20151633
17297,0.1858829
17332,0.18479206
17367,0.18370008
17403,0.19103765
17438,0.17792474
17472,0.17000958
17507,0.19246426
17543,0.17789322
17578,0.18954779
17613,0.19623223
17648,0.178381
17683,0.19615936
17717,0.17778885
17753,0.19178432
17787,0.19800119
17822,0.173063
17857,0.19168021
17891,0.18540582
17927,0.18409182
17962,0.17945245
17996,0.19279446
18031,0.16108428
18065,0.18108039
18100,0.1923829
18135,0.17418902
18170,0.17704475
18204,0.18849461
18239,0.18705486
18274,0.17626481
18309,0.17247216
18343,0.1718468
18378,0.18473475
18412,0.15979534
18448,0.17138898
18482,0.16636166
18517,0.1781201
18551,0.17122088
18586,0.18248284
18621,0.17636484
18656,0.18329807
18690,0.17810024
18725,0.17298384
18759,0.18013309
18794,0.16931978
18829,0.1718761
18863,0.17089579
18898,0.19279532
18932,0.17221925
18968,0.16904551
19002,0.17741266
19036,0.17228165
19071,0.16946524
19105,0.17000718
19141,0.1817289
19175,0.16484262
19210,0.16220127
19244,0.18205377
19279,0.18122543
19314,0.18411164
19349,0.17400378
19383,0.17753276
19418,0.17549425
19452,0.17625493
19488,0.17236568
19522,0.15861863
19557,0.1770055
19591,0.17238498
19626,0.18263221
19661,0.17986323
19696,0.17150773
19730,0.17482229
19764,0.16847086
19799,0.16299722
19834,0.16789903
19869,0.17087227
19903,0.1689964
19938,0.17016311
19972,0.18342046
20008,0.16596039
20042,0.17305447
20077,0.17451207
20111,0.17257094
20145,0.15844885
20181,0.16600229
20215,0.15330464
20250,0.17005534
20284,0.1646587
20319,0.15556587
20354,0.16182123
20389,0.1544123
20423,0.16233706
20458,0.16438785
20492,0.17567548
20527,0.17020707
20562,0.17299247
20596,0.18138038
20631,0.1682814
20665,0.16036592
20701,0.16451547
20735,0.16590406
20769,0.17490493
20804,0.15573834
20838,0.16530047
20874,0.16049367
20908,0.15222074
20943,0.16947864
20977,0.16672608
21011,0.16812153
21047,0.15939407
21081,0.16991107
21116,0.17697302
21150,0.16959538
21184,0.16412348
21220,0.16155152
21254,0.17476664
21289,0.16400672
21323,0.17477551
21357,0.19009796
21393,0.16629504
21427,0.1678215
21462,0.16821292
21496,0.16458115
21530,0.17542543
21566,0.15039852
21600,0.16934492
21635,0.1628893
21669,0.16868609
21704,0.16031809
21739,0.16271012
21773,0.15732883
21808,0.17227511
21843,0.17251375
21878,0.16885811
21913,0.15824826
21948,0.16155665
21982,0.16224903
22017,0.16993271
22051,0.17165712
22087,0.16949436
22122,0.16976224
22157,0.1782785
22192,0.17692883
22226,0.16580899
22262,0.16515982
22297,0.18557797
22331,0.18183106
22366,0.15581954
22401,0.1579199
22437,0.16869558
22471,0.17613801
22506,0.16888684
22541,0.15706669
22575,0.16935852
22611,0.17962155
22646,0.17888615
22680,0.16297589
22715,0.1610561
22750,0.17328472
22786,0.16004612
22821,0.1648681
22856,0.1592848
22890,0.15769824
22925,0.16244249
22961,0.1664628
22995,0.18409978
23030,0.17173477
23065,0.16557813
23099,0.16675416
23135,0.16313918
23170,0.17471975
23205,0.17029352
23241,0.16682471
23276,0.17244521
23312,0.17343472
23347,0.14645213
23382,0.16471106
23417,0.17201756
23452,0.1685636
23488,0.1617554
23523,0.15360205
23557,0.16934478
23592,0.17623927
23627,0.1609223
23663,0.15865433
23698,0.1652953
23733,0.16546515
23767,0.15682542
23802,0.17431296
23838,0.16139697
23872,0.15806884
23907,0.17242792
23942,0.17216355
23977,0.16782247
24012,0.16229747
24047,0.16293909
24082,0.16185409
24117,0.15485705
24152,0.15772587
24187,0.15181038
24222,0.16814604
24256,0.15585062
24291,0.1650738
24325,0.16926703
24360,0.1672511
24394,0.15385163
24429,0.16017532
24463,0.15772776
24497,0.16491242
24532,0.16685422
24567,0.15896799
24601,0.16061068
24636,0.16153423
24670,0.15768814
24705,0.17119253
24740,0.1485561
24774,0.15941815
24809,0.15773031
24844,0.16615976
24879,0.14507385
24913,0.167706
24948,0.1600351
24983,0.15513216
25018,0.15064205
25053,0.15767293
25088,0.15581442
25123,0.14761299
25158,0.15058704
25192,0.15174076
25227,0.16342023
25262,0.14411752
25297,0.14912325
25331,0.15774341
25366,0.15455744
25402,0.15304565
25436,0.14030643
25471,0.14727716
25506,0.15803981
25541,0.15717514
25577,0.14753565
25611,0.15676613
25646,0.14896265
25681,0.15402767
25716,0.15437979
25751,0.1521015
25786,0.1660183
25821,0.15218906
25856,0.16917412
25891,0.16613846
25927,0.16230893
25962,0.16531627
25997,0.15596624
26032,0.16134867
26067,0.1627436
26102,0.15764996
26138,0.15893896
26173,0.15959443
26208,0.14744934
26243,0.14805049
26279,0.14928192
26314,0.15591681
26348,0.15449041
26384,0.15871386
26419,0.16288736
26454,0.14435631
26489,0.15706696
26524,0.15174729
26559,0.16209574
26594,0.1615401
26629,0.15937229
26664,0.15366171
26699,0.16332167
26734,0.15624008
26769,0.163516
26804,0.17353553
26839,0.15773368
26873,0.16149077
26908,0.16646919
26943,0.16028845
26978,0.16226114
27013,0.16397095
27047,0.16556324
27082,0.1710595
27116,0.16298434
27152,0.15693076
27186,0.16264349
27221,0.17090705
27255,0.1640777
27290,0.15938729
27326,0.16190384
27361,0.15032586
27396,0.1610748
