213,0.2723665
386,0.25102162
559,0.25232497
732,0.2579816
905,0.27180564
1077,0.24537724
1250,0.24527234
1423,0.24897484
1596,0.25422788
1769,0.25099412
1943,0.25399962
2116,0.26140243
2290,0.25877064
2464,0.24732289
2637,0.2434298
2811,0.25620458
2985,0.22995855
3159,0.24176216
3332,0.2404422
3506,0.24863318
3679,0.25130782
3853,0.2508533
4026,0.22589968
4199,0.22521542
4372,0.24970081
4546,0.2401264
4721,0.23915488
4896,0.2556571
5071,0.24925843
5246,0.24138042
5421,0.25800374
5595,0.22884858
5770,0.24664032
5946,0.27278018
6120,0.25121516
6294,0.25061482
6470,0.24838576
6645,0.2489748
6819,0.24003486
6994,0.25512037
7168,0.24383575
7343,0.24555396
7515,0.25030324
7687,0.2515784
7858,0.24927226
8030,0.24949966
8202,0.25849327
8374,0.26351297
8545,0.26981103
8717,0.24958418
8889,0.254326
9061,0.24978413
9233,0.2712851
9405,0.26646733
9577,0.27887702
9749,0.23858601
9921,0.24995384
10093,0.25229594
10265,0.24067402
10436,0.2518208
10608,0.24826355
10781,0.25368842
10953,0.24438627
11125,0.24741524
11297,0.25803846
11469,0.25327322
11641,0.2258783
11813,0.2599216
11986,0.26231277
12158,0.26661927
12330,0.25875866
12502,0.25257057
12674,0.27142084
12847,0.24291065
13021,0.26354706
13194,0.26756337
13368,0.277797
13541,0.2702886
13715,0.24056481
13888,0.23992886
14061,0.2660288
14235,0.2536295
14408,0.25337356
14581,0.25525928
14755,0.2501279
14928,0.2650597
15101,0.23959284
15275,0.24797547
15448,0.26966122
15621,0.26834565
15794,0.25109518
15968,0.23838092
16141,0.24872698
16316,0.22559556
16491,0.24426031
16667,0.24130304
16843,0.25596476
17018,0.2564794
17193,0.25922406
17368,0.284915
17543,0.28058362
17718,0.27695006
17892,0.27490208
18066,0.28071752
18239,0.26781356
18413,0.2664073
18587,0.26288038
18760,0.27634773
18933,0.29063296
19106,0.29434434
19280,0.28041488
19453,0.27424595
19627,0.2724853
19800,0.27073005
19973,0.2782434
20146,0.30169985
20320,0.2901132
20493,0.28930935
20666,0.30072826
20839,0.27899522
21012,0.28167725
21185,0.31523773
21358,0.2823861
21531,0.28859603
21704,0.29960877
21878,0.2761147
22052,0.30731574
22227,0.29015496
22402,0.29279986
22576,0.3121302
22751,0.29504853
22926,0.2785713
23100,0.26066887
23277,0.30043504
23453,0.28764182
23628,0.29109138
23803,0.2697917
23978,0.2708276
24153,0.29220808
24326,0.27580082
24498,0.3015864
24671,0.2902111
24844,0.2932634
25018,0.3043458
25193,0.29185998
25367,0.28463325
25542,0.26504314
25717,0.2760203
25892,0.28606194
26067,0.27845633
26244,0.28182262
26419,0.2874275
26595,0.2698088
26769,0.2712259
26944,0.2646321
27117,0.2784752
27291,0.25542876
